99.85979162216186
99.87203747749328
99.88515939712524
99.88604498386383
99.88004108667373
99.8857688331604
99.88088858366012
99.87089478492736
99.85767764091491
99.86977113723755
99.86629068613051
99.86151518344879
99.86084861278533
99.86331968545913
99.86875223636626
99.86848084688187
99.86170563220978
99.85270216703414
99.8515928030014
99.85731578826903
99.8556684064865
99.83872798919677
99.80589462280273
99.76175812244415
99.74689359664916
99.779879322052
99.81271268844604
99.81499331235885
99.81155095100402
99.81155095100402
99.80307598114013
99.79182045936584
99.79702923297882
99.79661976814269
99.7795317530632
99.77593227148056
99.75738256216049
99.77081396102905
99.75980126142501
99.73220999717712
99.75829195499419
99.782583694458
99.76567184448241
99.71695505142212
99.75770632505416
99.78538805246353
99.80084773063659
99.8133792591095
99.82823426246642
99.83548559904098
99.8442367196083
99.87106618881225
99.89782423973082
99.90827511548996
99.91296967744827
99.90213790416718
99.90103330135345
99.91819749593733
99.9196353840828
99.91965919017791
99.91338390350342
99.90824178695678
99.90348532915115
99.8975480890274
99.89302493095397
99.86880937099457
99.832595539093
99.75031215190887
99.5103467130661
98.9552171421051
98.37632432699203
97.80078817129134
96.86292324781418
95.86681433200836
95.46911446809769
95.39383483409881
95.463577170372
95.44506078958511
95.2368717265129
95.17257622480392
95.0025388097763
95.09701091766357
95.28298413276671
95.48064137935638
95.81879267692565
96.03316180229187
96.14906891822814
96.63646538734436
97.01428716182708
97.25667129993438
97.43826419353485
97.23436498880386
97.1191577720642
97.3280991077423
97.57560631752014
97.56889299869538
97.47278303146362
97.71399114847183
97.85318538665771
97.77439673423767
97.90633011341095
98.07177771329879
97.85168560266494
97.7815480852127
97.6952367067337
97.60896817922591
97.65711838722228
97.90593969345092
98.05944615602493
97.84232028484344
97.31040641784668
96.92665216445923
96.64866363048553
96.5358751130104
96.86049026489258
97.04043577671051
96.68693430900574
96.22791470527649
95.92672951221465
95.23201052188872
94.49684973716735
93.56727885723113
93.01206834554672
93.54787212848663
93.55664229393005
93.52072365760803
93.34503943681716
92.76627993583679
92.2791215276718
92.67083653926849
92.88752913951873
93.21013981819152
93.71732867479324
94.48340881586074
94.42837864637374
93.73122667312622
93.19470870733261
91.72041152000426
90.87848992109298
90.7591261601448
90.71359462261199
91.00342906951904
91.64524139404297
92.54193129539489
92.78067786216735
93.20334079742432
94.25450368881225
93.7571562719345
92.02706735372543
91.0721429824829
89.70446377277374
89.33733569622039
90.31213815689087
90.9754616689682
90.8939591217041
92.36119542121887
92.42141531944274
92.09679540634154
89.87347752571105
87.27894644260407
86.8521507692337
86.14196257829666
84.45226784229278
84.6725837302208
85.257680413723
84.33061393499374
85.00238861083984
85.1756398487091
85.74301527500153
83.76485256195068
80.33072811603546
84.49474267721176
83.25236446857453
81.79410306692122
83.49624362945556
82.94381366968155
81.55353295326232
80.94672987222671
80.44434032440185
81.96867316246032
82.36972968578338
80.01535449028015
81.76390265464782
81.41016312599182
80.62464768886566
76.55559087991715
75.77204182624817
78.37529546260834
84.47475031852721
83.51329355478286
80.10391316413879
80.05042562961577
77.42071866035461
78.36409707546234
80.5265284872055
78.11653273105621
76.41444454193115
77.56960197925568
76.55622412204742
74.6543551826477
77.37656311511994
72.03836528539658
76.57061252593994
73.38719006776809
71.00905162811279
72.72070986747741
74.11711827278137
69.97959513425826
74.19110761642456
75.03252928733825
73.13279337406158
72.95585219144822
74.90542378425597
72.39047647714615
71.49246771812439
70.0062293934822
73.89431226730346
73.95533205032348
72.20922639131545
69.60665837049484
66.66358224868775
68.0290189242363
69.52324181318284
77.50059287071228
77.50628252744674
80.27352683067322
77.76068398237229
78.12243664264679
77.58884682655334
79.52958159685134
79.33131967544556
83.5626150226593
83.00154821157454
84.68496766090392
91.69534370183945
94.97933738946914
95.79477232694626
97.8623554944992
98.75916918754577
98.94653743982315
99.00375300884247
98.93757206439972
99.06752477645874
99.17567586660384
99.23897151231765
99.47793233394623
99.63300999879837
99.51187030315398
99.45004111289977
99.41470334529876
99.14622772693633
99.4282680583
99.52709668159484
99.59052564144135
99.65047891139983
99.70216670513153
99.74898853302001
99.78533567905426
99.81654546976088
99.84746482610701
99.83067200660705
99.82390155315399
99.84146092891693
99.8633911037445
99.87751287937164
99.87933166503906
99.86566220521927
99.8622150826454
99.8522498512268
99.8236539697647
99.79966694831847
99.75996790409087
99.73275753736496
99.74897901058196
99.76256276845932
99.74683646202087
99.73839958190918
99.75761110067367
99.79368209600447
99.81598364591598
99.83352397680282
99.8363188123703
99.83491901397704
99.84244650125503
99.85043106555938
99.79873851060867
99.63132928848266
99.44321352481842
99.29411118984221
99.20019138336181
99.01558939933776
98.89346413135527
98.71927969455719
98.36408323287964
97.76894037723541
97.174921169281
96.76809404850006
96.501813352108
96.41842060089111
96.0761698937416
95.86136749744415
95.17722793579101
95.88098371982574
95.55736366271972
93.93482592105865
93.1879858660698
94.56005015850067
95.75605885505676
96.68503934383392
96.94257368087769
96.41993942975998
95.57757027626037
95.19440641403197
95.28341740369797
95.21446066856383
95.67797962427139
96.06863288402558
96.71024523735046
97.37321641921997
97.82996968269347
98.092479493618
98.27095378875732
98.34727612972259
98.45640803098678
98.59477381706238
98.82827352046966
99.03753861904144
99.09770138263701
99.19988666534424
99.3814224243164
99.48528841733932
99.57246633768081
99.63484306812286
99.66291521549225
99.65433549880981
99.60726608753204
99.58421226501464
99.58383136749266
99.52792513370514
99.38784054756164
99.21487498283386
99.00142953395843
98.93855763673781
99.04578028917312
99.07608544826508
99.14641817569732
99.13675290107726
99.13677194595337
99.1620730638504
99.12767801761626
99.11073760032653
99.1342294549942
99.15276011943817
99.15567398548126
99.26612474441528
99.45301211357116
99.47802755832672
99.47614211559295
99.49046386241912
99.5294630074501
99.52286871910094
99.35780201673506
99.04727055072784
98.81945098161697
98.7059387588501
98.64166230201721
98.63757717609406
98.82100313901901
99.00758579015731
99.2003056526184
99.31353696346282
99.42389725923537
99.54278965950012
99.67020940303802
99.73829483509063
99.78577371120453
99.81252700090408
99.82638690948485
99.83847088336944
99.83314784049988
99.82971976280211
99.82681541919708
99.82501567840576
99.82944837331772
99.82751055717468
99.8146933555603
99.8111414861679
99.81332212448119
99.81701683044433
99.817340593338
99.81359827518463
99.80422343492508
99.80368541717529
99.81016543626785
99.8145981311798
99.81865468978881
99.81943552970885
99.8189022731781
99.82104006052016
99.80661832809447
99.80185710906981
99.79882897377014
99.80282839775084
99.80025733947754
99.7978005504608
99.80377588033676
99.81291265964508
99.80939888000488
99.7929726743698
99.78799243927001
99.80743725776672
99.81109387397765
99.80371398448943
99.79252511978149
99.78151718139648
99.77224232673645
99.75414969444275
99.684302611351
99.5889544391632
99.55500694751738
99.47660871505737
99.2951491355896
98.83352990627289
98.4153615617752
98.40258244991303
98.63425384521484
98.90956181287766
99.03128237724303
99.040928606987
99.0742952299118
99.06658205509186
98.86331609249115
98.42453643083572
98.08509484291076
97.99441266536712
97.61822875022888
97.65117638587951
97.39377060174941
96.7954424905777
96.68473462581635
96.31631149768829
95.68434537410735
95.23350554466246
94.9461945438385
94.29457410812377
94.48234706401824
93.26646980047225
93.14553959846496
94.21822319984436
94.16367867469788
95.03927637577057
95.98448309898376
96.98526277065277
97.90583018541335
97.84590072154998
97.75439009189606
98.21247173547744
98.10311129570007
97.61040130615234
97.0174390888214
97.51605775117874
97.3434683227539
96.45602470874786
96.29976150035857
97.0056788778305
97.84304399013519
98.61104766368865
99.0157131910324
99.16568206787109
99.05431239366531
98.3688444519043
97.37994878292083
96.20650826454163
95.57039035797119
95.15749744415282
95.51998809337616
96.47934515953064
97.1595900440216
97.6266894364357
97.61294379711151
97.18553868770599
97.68876144886016
97.74807671546935
97.65201436042786
96.62675726175307
95.81904978275298
95.93248106479645
94.27626245975493
93.21193955898285
93.49709372758865
91.4225020456314
92.54577836036681
94.14520038366317
93.50007425069809
93.06691758871078
92.29078651428222
93.13123689651489
94.1660021495819
92.25879112243652
91.69640545368195
92.4304425907135
91.4317292881012
89.82563203573227
89.64077770709991
88.61245438337326
89.92010890483856
89.01014472484589
85.1819722700119
85.71950437545776
83.26989527702331
82.88449364185333
84.75318640708923
88.15568683624267
84.10340856313705
84.74005496501923
83.67794126987457
80.90851156711578
83.75018800735474
84.15638664722442
84.22796205282211
80.6902096748352
79.46355301141739
80.45983809232712
79.78773489236832
84.0367657804489
81.65411846637726
81.53471661567687
82.22013218402863
79.49889554023743
84.2650519490242
85.29934584140777
85.09936511993408
82.57252904891968
85.242620677948
85.29944106578826
86.19450263023376
88.27492680549621
86.35846949100494
87.81774503231048
88.20798406600952
88.03984637737274
90.07465807437896
89.58137197732925
89.95861764431
91.18221760511398
92.53148994207382
93.21607229709625
93.87961006402969
94.31617575883865
94.8618352651596
94.96480614900588
