-0.1582050939798355
-0.16548845982551574
-0.18132807403802872
-0.18637464359402656
-0.20075629776716233
-0.22249089670181274
-0.23198815894126892
-0.2171871529221535
-0.18895969414710997
-0.20354924580454828
-0.20966887331008913
-0.2098947949707508
-0.17162874919176102
-0.19148132038116455
-0.15730636298656464
-0.15093903294205666
-0.15222034806013107
-0.14296575278043747
-0.14737811911106108
-0.14850377088785172
-0.15107287544012069
-0.13908288159966467
-0.15167462715506552
-0.15598844000697135
-0.1489962984919548
-0.13586079031229017
-0.10337630882859229
-0.10210850185155868
-0.1436040324270725
-0.14743490925431252
-0.15417103552818298
-0.16930554875731468
-0.19129200658202172
-0.2091551643013954
-0.19894432851672172
-0.19079732087254525
-0.19280463862419128
-0.17323677748441696
-0.16520486879348756
-0.20276669281721116
-0.1924453140795231
-0.2092284999191761
-0.2011363641023636
-0.18006546249985694
-0.1655126785635948
-0.1458616104722023
-0.1625926021337509
-0.1927344202697277
-0.1771925846338272
-0.18150224113464355
-0.20962059569358826
-0.24500209385156632
-0.2532159627974033
-0.24106642901897432
-0.2136216431260109
-0.21377542811632158
-0.24900621858239175
-0.2474284437298775
-0.23382294815778734
-0.21271272107958794
-0.20129238712787628
-0.16964345210790635
-0.15558495423197746
-0.13060212695598603
-0.1251497136950493
-0.15647169575095177
-0.15406436917185784
-0.13105692768096924
-0.11883941358327865
-0.11197080361843108
-0.10713716712594032
-0.11950710740685462
-0.11142616176605223
-0.10833751332759856
-0.09653035897016524
-0.08535884657502173
-0.09410009253025053
-0.09224731910228728
-0.09714573872089385
-0.07212414547801016
-0.06850887936353682
-0.07288048148155211
-0.07700062435865401
-0.06080340409278868
-0.06288833370804785
-0.05642332941293715
-0.045341378390789014
-0.04427459493279455
-0.04888530713319777
-0.04227726840972899
-0.04044679540395735
-0.04136786678433416
-0.041351880818605406
-0.03458310320973394
-0.04987307995557783
-0.055008331656455974
-0.0494713526368141
-0.048631250172853455
-0.05097031667828558
-0.05447352117300032
-0.041863951265811904
-0.03475914865732191
-0.03652343976497648
-0.05664913117885588
-0.05772814390063284
-0.05724101155996321
-0.034512645065784435
-0.028289028853178005
-0.030479545772075633
-0.03725695580244062
-0.029974389255046825
-0.029890622794628122
-0.032653956830501533
-0.05341513034701346
-0.0455245775580406
-0.0345069300830364
-0.03361443361639974
-0.03216414684057234
-0.01889943209290502
-0.022121843099594096
-0.033421882659196836
-0.019621638059616066
-0.01334215089678762
-0.03457247254252432
-0.02605363133549688
-0.025329906702041605
-0.0003340908288955447
-0.006683996170759178
0.006375938355922724
0.010482613056898142
0.01165642255544665
0.003035910606384302
0.016728929340839412
0.005414942026138331
0.005797206431627298
0.016518953680992154
0.03213420486450198
0.03153660950064662
0.02650262889266017
0.04122306564450267
0.04045649862289432
0.03303541368246082
0.03793523207306865
0.045633873343467746
0.0551113929152489
