-0.25663328585028644
-0.25572743251919744
-0.259871571779251
-0.25760369834303853
-0.25833049517869944
-0.2635281152129173
-0.2676233693361282
-0.2670008634924888
-0.25689067196846005
-0.26098446804285047
-0.264071602910757
-0.26968059521913523
-0.2573853960335254
-0.2687455809116363
-0.2576890752017498
-0.253578309059143
-0.2542112237513065
-0.25093786364793774
-0.25149451428651803
-0.251409866452217
-0.25432511356472964
-0.24878035640716548
-0.25468002694845193
-0.2592323388755321
-0.2606873095929622
-0.2603139680922031
-0.24329898387193674
-0.23620719641447063
-0.25323890769481655
-0.25309415584802625
-0.2532545007169246
-0.255498640358448
-0.2600248694121837
-0.26582239553332326
-0.2627289424538612
-0.260253945082426
-0.26437074592709536
-0.25700796389579766
-0.24927398693561548
-0.2625676255524158
-0.2596460197269916
-0.26742256361246103
-0.26925249588489525
-0.2648064595162868
-0.2617167730629444
-0.25235152298212044
-0.2552208010554313
-0.26707890960574143
-0.2606430821120738
-0.2575437968373298
-0.2605508605241775
-0.26789432340860364
-0.26999371120333665
-0.2689597925841808
-0.26196156325936315
-0.2580474312007427
-0.2673686563074588
-0.2682841894626617
-0.2674993946850299
-0.2641748003661632
-0.2663687183260917
-0.2592605683207511
-0.2576885486841201
-0.2467069704830646
-0.24049268540740007
-0.2537542469501495
-0.2575703252255916
-0.2511929411888122
-0.24543259531259531
-0.2422201897501945
-0.23888960123062128
-0.24614145004749294
-0.24346605196595186
-0.2440087296366691
-0.23897943323850626
-0.2312025248408317
-0.23559092777967447
-0.2351215980648994
-0.24093313765525812
-0.22761102658510204
-0.22474814772605892
-0.22694769537448878
-0.23189177691936488
-0.22366643750667567
-0.22673822236061092
-0.22426861166954035
-0.21734296077489848
-0.2166123568117618
-0.22027663600444788
-0.21555328685045239
-0.21467254436016078
-0.21656229713559147
-0.21685645848512644
-0.2099889675378799
-0.21820580166578288
-0.221276897996664
-0.2186117062568664
-0.2181081933975219
-0.2192261118292808
-0.22315834799408907
-0.21529958635568613
-0.2096910395622253
-0.2085110730528831
-0.22137782737612718
-0.2233926483392715
-0.22649958837032313
-0.21158828508853908
-0.20673646563291545
-0.20808645683526988
-0.21303714010119434
-0.2072825859189033
-0.20637114340066906
-0.20678081461787218
-0.22167927896976466
-0.21757503354549404
-0.21028033429384227
-0.21020577129721638
-0.21044359526038164
-0.20077438250184054
-0.2031026839613914
-0.212446103811264
-0.20314350932836528
-0.197224114626646
-0.21340286734700198
-0.20881766831874843
-0.21142595565319056
-0.19374306356906887
-0.2001703452765941
-0.19110958439111705
-0.18847642922401422
-0.18722226423025126
-0.1948112463355064
-0.183495005428791
-0.19352330321073527
-0.194939878642559
-0.18828096967935556
-0.17697116848826402
-0.17823703837394708
-0.18333518707752222
-0.17145844790339465
-0.17277000331878659
-0.18030001544952387
-0.1778058204352855
-0.17262646651268002
-0.16556396153569217
